(001,000,255)
True
(000,029,255)
True
(000,057,255)
True
(000,085,255)
True
(000,114,255)
True
(001,141,255)
True
(000,170,255)
True
(000,198,255)
True
(000,227,255)
True
(031,000,255)
True
(031,028,255)
False
(031,057,255)
False
(032,084,255)
False
(031,114,255)
True
(031,142,255)
False
(031,170,255)
False
(031,198,255)
False
(032,227,252)
True
(062,000,255)
True
(063,029,255)
False
(063,056,255)
False
(063,085,255)
False
(063,113,255)
True
(062,142,255)
False
(063,170,255)
False
(063,198,250)
False
(063,226,221)
True
(095,000,255)
True
(095,028,255)
False
(094,056,255)
False
(095,085,255)
False
(095,113,255)
True
(095,142,255)
False
(095,170,245)
False
(095,199,217)
False
(096,226,188)
True
(127,001,255)
True
(126,029,255)
True
(126,056,255)
True
(128,085,255)
True
(126,114,255)
True
(126,141,242)
True
(128,170,213)
True
(127,198,185)
True
(127,227,157)
True
(159,000,255)
True
(159,028,255)
False
(158,057,255)
False
(159,086,255)
False
(159,114,238)
True
(159,141,210)
False
(159,171,181)
False
(159,197,154)
False
(159,227,125)
True
(190,000,255)
True
(191,028,255)
False
(191,056,255)
False
(191,085,234)
False
(191,113,206)
True
(191,142,177)
False
(191,170,149)
False
(190,199,121)
False
(191,227,092)
True
(223,000,255)
True
(223,028,255)
False
(222,056,231)
False
(223,084,201)
False
(223,113,173)
True
(223,141,145)
False
(223,169,117)
False
(222,199,090)
False
(223,226,061)
True
(255,000,255)
True
(255,028,227)
True
(255,056,198)
True
(255,085,170)
True
(255,114,142)
True
(255,141,113)
True
(255,169,085)
True
(255,198,056)
True
(254,227,029)
True
