(005,255,255)
True
(047,250,255)
True
(089,208,255)
True
(131,165,255)
True
(173,124,255)
True
(214,082,255)
True
(255,041,251)
True
(047,255,241)
True
(089,244,236)
False
(130,200,231)
False
(174,159,225)
True
(216,116,220)
False
(255,076,214)
False
(255,033,210)
True
(091,255,200)
True
(132,236,195)
False
(173,196,189)
False
(216,153,184)
True
(255,111,178)
False
(255,069,172)
False
(255,027,166)
True
(131,255,157)
True
(174,230,151)
True
(215,187,148)
True
(255,147,140)
True
(255,104,137)
True
(255,063,131)
True
(255,021,124)
True
(174,255,115)
True
(215,225,111)
False
(255,183,105)
False
(255,140,099)
True
(255,099,094)
False
(255,057,088)
False
(255,015,082)
True
(216,255,075)
True
(255,217,069)
False
(255,176,063)
False
(255,133,058)
True
(255,090,052)
False
(255,050,047)
False
(255,009,041)
True
(255,254,033)
True
(255,213,027)
True
(255,171,021)
True
(255,129,017)
True
(255,086,011)
True
(255,045,005)
True
(255,002,000)
True
