(255,255,255)
True
(255,221,255)
False
(255,185,255)
True
(255,147,255)
False
(255,111,255)
True
(255,074,255)
False
(255,038,255)
True
(237,255,255)
False
(237,223,255)
False
(237,187,255)
False
(237,149,255)
False
(237,113,255)
False
(237,076,255)
False
(237,040,255)
False
(218,255,255)
True
(218,226,255)
False
(218,190,255)
True
(218,152,255)
False
(218,116,255)
True
(218,079,255)
False
(218,043,255)
True
(199,255,255)
False
(199,229,255)
False
(199,193,255)
False
(199,155,255)
False
(199,119,255)
False
(199,082,255)
False
(199,046,255)
False
(179,255,255)
True
(179,232,255)
False
(179,196,255)
True
(179,158,255)
False
(179,122,255)
True
(179,085,255)
False
(179,049,255)
True
(160,255,255)
False
(160,235,255)
False
(160,199,255)
False
(160,161,255)
False
(160,125,255)
False
(160,088,255)
False
(160,052,255)
False
(141,255,255)
True
(141,237,255)
False
(141,201,255)
True
(141,163,255)
False
(141,127,255)
True
(141,090,255)
False
(141,054,255)
True
