(254,253,255)
True
(255,219,255)
False
(255,183,255)
False
(254,145,255)
False
(252,111,253)
False
(249,074,251)
False
(247,037,250)
True
(219,248,235)
False
(217,214,232)
False
(214,178,231)
False
(211,140,230)
False
(210,104,229)
False
(207,069,228)
False
(204,031,226)
False
(177,244,210)
False
(174,206,210)
False
(172,170,209)
False
(170,136,207)
False
(167,097,205)
False
(165,061,203)
False
(163,026,202)
False
(134,235,186)
False
(132,201,185)
False
(130,165,184)
False
(127,129,182)
False
(125,091,182)
False
(123,056,179)
False
(121,020,179)
False
(093,228,162)
False
(091,195,161)
False
(087,158,160)
False
(086,122,159)
False
(083,085,157)
False
(080,048,156)
False
(078,012,154)
False
(051,224,138)
False
(048,188,137)
False
(045,150,136)
False
(043,116,134)
False
(041,079,133)
False
(039,044,132)
False
(036,007,130)
False
(009,218,114)
True
(005,182,113)
False
(004,146,112)
False
(001,110,111)
False
(000,073,110)
False
(000,037,110)
False
(000,002,110)
True
