(189,027,255)
True
(193,042,255)
False
(198,057,255)
True
(201,072,255)
False
(208,088,255)
True
(210,103,255)
False
(215,118,255)
True
(219,133,255)
False
(224,149,255)
True
(228,163,255)
False
(231,178,255)
True
(238,195,255)
False
(241,210,255)
True
(245,224,255)
False
(249,240,255)
True
(176,027,255)
False
(180,042,255)
False
(183,057,255)
False
(188,072,255)
False
(192,088,255)
False
(198,103,255)
False
(202,119,255)
False
(205,133,255)
False
(211,148,255)
False
(214,164,255)
False
(218,179,255)
False
(223,195,255)
False
(227,209,255)
False
(231,225,255)
False
(236,240,255)
False
(161,027,255)
True
(166,042,255)
False
(171,058,255)
True
(176,073,255)
False
(178,088,255)
True
(183,103,255)
False
(187,118,255)
True
(192,134,255)
False
(196,149,255)
True
(200,164,255)
False
(205,179,255)
True
(208,194,255)
False
(213,209,255)
True
(218,224,255)
False
(221,240,255)
True
(148,027,255)
False
(151,042,255)
False
(156,057,255)
False
(161,073,255)
False
(165,088,255)
False
(170,103,255)
False
(173,119,255)
False
(176,133,255)
False
(182,148,255)
False
(188,164,255)
False
(191,179,255)
False
(194,194,255)
False
(200,209,255)
False
(204,224,255)
False
(208,240,255)
False
(134,027,255)
True
(138,042,255)
False
(143,057,255)
True
(147,073,255)
False
(151,087,255)
True
(155,103,255)
False
(160,118,255)
True
(163,133,255)
False
(169,149,255)
True
(174,164,255)
False
(177,179,255)
True
(182,194,255)
False
(186,209,255)
True
(190,224,255)
False
(195,240,255)
True
(120,027,255)
False
(124,043,255)
False
(128,058,255)
False
(132,073,255)
False
(138,088,255)
False
(141,103,255)
False
(146,119,255)
False
(151,133,255)
False
(154,148,255)
False
(159,164,255)
False
(164,179,255)
False
(167,194,255)
False
(171,209,255)
False
(175,224,255)
False
(181,239,255)
False
(107,027,255)
True
(110,043,255)
False
(114,057,255)
True
(119,072,255)
False
(124,088,255)
True
(127,102,255)
False
(132,119,255)
True
(137,133,255)
False
(140,149,255)
True
(145,164,255)
False
(150,180,255)
True
(153,194,255)
False
(158,209,255)
True
(163,225,255)
False
(168,239,255)
True
(093,027,255)
False
(095,041,255)
False
(101,057,255)
False
(105,072,255)
False
(109,088,255)
False
(113,103,255)
False
(118,118,255)
False
(122,133,255)
False
(126,149,255)
False
(131,164,255)
False
(135,179,255)
False
(139,195,255)
False
(144,210,255)
False
(148,225,255)
False
(153,240,255)
False
(079,027,255)
True
(082,042,255)
False
(086,057,255)
True
(092,072,255)
False
(096,088,255)
True
(100,103,255)
False
(105,117,255)
True
(109,133,255)
False
(113,149,255)
True
(118,164,255)
False
(122,179,255)
True
(125,194,255)
False
(130,210,255)
True
(134,224,255)
False
(139,240,255)
True
(064,027,255)
False
(070,043,255)
False
(073,057,255)
False
(078,072,255)
False
(081,088,255)
False
(085,103,255)
False
(090,118,255)
False
(094,133,255)
False
(100,149,255)
False
(104,164,255)
False
(107,180,255)
False
(113,194,255)
False
(117,209,255)
False
(120,224,255)
False
(125,240,255)
False
(051,028,255)
True
(054,041,255)
False
(060,058,255)
True
(065,073,255)
False
(068,088,255)
True
(073,103,255)
False
(076,119,255)
True
(081,134,255)
False
(084,149,255)
True
(091,164,255)
False
(094,179,255)
True
(098,194,255)
False
(101,209,255)
True
(107,224,255)
False
(112,240,255)
True
(037,027,255)
False
(041,043,255)
False
(047,058,255)
False
(050,073,255)
False
(055,087,255)
False
(059,103,255)
False
(063,118,255)
False
(068,134,255)
False
(071,148,255)
False
(076,164,255)
False
(081,179,255)
False
(084,194,255)
False
(090,210,255)
False
(094,224,255)
False
(097,239,255)
False
(022,027,255)
True
(028,042,255)
False
(032,057,255)
True
(035,073,255)
False
(041,088,255)
True
(045,104,255)
False
(048,118,255)
True
(053,134,255)
False
(057,148,255)
True
(061,163,255)
False
(065,179,255)
True
(071,193,255)
False
(075,209,255)
True
(079,224,255)
False
(082,240,255)
True
(010,027,255)
False
(013,042,255)
False
(018,058,255)
False
(022,072,255)
False
(026,087,255)
False
(031,103,255)
False
(035,119,255)
False
(040,133,255)
False
(044,149,255)
False
(049,164,255)
False
(053,179,255)
False
(057,194,255)
False
(061,209,255)
False
(065,225,255)
False
(070,240,255)
False
(005,027,255)
True
(000,042,255)
False
(004,057,255)
True
(009,073,255)
False
(013,088,255)
True
(018,104,255)
False
(023,119,255)
True
(026,133,255)
False
(030,148,255)
True
(034,164,255)
False
(038,179,255)
True
(043,194,255)
False
(047,210,255)
True
(052,224,255)
False
(057,239,255)
True
