(000,047,026)
True
(000,091,051)
False
(001,132,074)
False
(001,172,095)
False
(001,214,120)
False
(003,255,143)
True
(010,046,021)
False
(018,086,039)
False
(027,126,058)
False
(036,167,076)
False
(045,207,096)
False
(053,247,114)
False
(018,042,015)
False
(035,080,028)
False
(053,122,043)
False
(071,162,057)
False
(088,199,070)
False
(104,238,083)
False
(028,042,010)
False
(054,080,019)
False
(080,117,028)
False
(105,154,036)
False
(131,193,046)
False
(157,231,055)
False
(036,039,004)
False
(070,075,009)
False
(106,114,013)
False
(139,150,018)
False
(174,187,022)
False
(208,223,026)
False
(042,036,000)
True
(088,074,000)
False
(130,110,000)
False
(173,146,000)
False
(214,181,000)
False
(255,216,000)
True
