(183,216,255)
True
(183,195,255)
False
(183,173,255)
True
(183,151,255)
False
(183,129,255)
True
(183,108,255)
False
(183,086,255)
True
(183,064,255)
False
(183,042,255)
True
(183,020,255)
False
(183,000,255)
True
(189,216,231)
False
(189,195,231)
True
(189,173,231)
False
(189,151,231)
True
(189,129,231)
False
(189,107,231)
True
(189,086,231)
False
(189,064,231)
True
(189,042,231)
False
(189,020,231)
True
(189,000,231)
False
(196,216,208)
True
(196,195,208)
False
(196,173,208)
True
(196,151,208)
False
(196,129,208)
True
(196,107,208)
False
(196,086,208)
True
(196,064,208)
False
(196,042,208)
True
(196,020,208)
False
(196,000,208)
True
(203,216,184)
False
(203,195,184)
True
(203,173,184)
False
(203,151,184)
True
(203,129,184)
False
(203,107,184)
True
(203,086,184)
False
(203,064,184)
True
(203,042,184)
False
(203,020,184)
True
(203,000,184)
False
(209,216,161)
True
(209,195,161)
False
(209,173,161)
True
(209,151,161)
False
(209,129,161)
True
(209,107,161)
False
(209,085,161)
True
(209,064,161)
False
(209,042,161)
True
(209,020,161)
False
(209,000,161)
True
(216,216,138)
False
(216,194,138)
True
(216,173,138)
False
(216,151,138)
True
(216,129,138)
False
(216,107,138)
True
(216,085,138)
False
(216,064,138)
True
(216,042,138)
False
(216,020,138)
True
(216,000,138)
False
(222,216,114)
True
(222,194,114)
False
(222,173,114)
True
(222,151,114)
False
(222,129,114)
True
(222,107,114)
False
(222,085,114)
True
(222,063,114)
False
(222,042,114)
True
(222,020,114)
False
(222,000,114)
True
(229,216,091)
False
(229,194,091)
True
(229,172,091)
False
(229,151,091)
True
(229,129,091)
False
(229,107,091)
True
(229,085,091)
False
(229,063,091)
True
(229,042,091)
False
(229,020,091)
True
(229,000,091)
False
(236,216,067)
True
(236,194,067)
False
(236,172,067)
True
(236,151,067)
False
(236,129,067)
True
(236,107,067)
False
(236,085,067)
True
(236,063,067)
False
(236,041,067)
True
(236,020,067)
False
(236,000,067)
True
(242,216,044)
False
(242,194,044)
True
(242,172,044)
False
(242,150,044)
True
(242,129,044)
False
(242,107,044)
True
(242,085,044)
False
(242,063,044)
True
(242,041,044)
False
(242,020,044)
True
(242,000,044)
False
(249,216,020)
True
(249,194,020)
False
(249,172,020)
True
(249,150,020)
False
(249,129,020)
True
(249,107,020)
False
(249,085,020)
True
(249,063,020)
False
(249,041,020)
True
(249,019,020)
False
(249,000,020)
True
