(015,207,209)
True
(055,212,169)
False
(095,218,129)
True
(135,221,089)
False
(174,229,048)
True
(214,232,011)
False
(253,237,029)
True
(015,178,213)
False
(055,182,173)
False
(095,183,133)
False
(134,187,095)
False
(174,191,054)
False
(214,193,015)
False
(254,198,024)
False
(015,147,219)
True
(055,150,180)
False
(095,151,140)
True
(134,155,100)
False
(174,156,061)
True
(214,158,020)
False
(253,157,019)
True
(015,119,224)
False
(055,121,184)
False
(094,120,144)
False
(134,119,105)
False
(174,118,065)
False
(214,117,025)
False
(254,118,015)
False
(014,091,230)
True
(054,090,189)
False
(094,087,149)
True
(134,084,110)
False
(174,082,070)
True
(214,079,031)
False
(253,077,010)
True
(014,061,235)
False
(055,058,195)
False
(094,054,155)
False
(135,049,116)
False
(174,047,075)
False
(214,041,037)
False
(254,036,005)
False
(015,036,240)
True
(055,029,201)
False
(094,025,160)
True
(134,019,120)
False
(174,013,080)
True
(213,006,042)
False
(254,000,001)
True
